
   |1          |1          |1          |1          |1          |1          |1          |1          |1           |1
  ----        ----        ----        ----        ----        ----        ----        ----        ----         ----
-| S1 |2 -- 2| S2 |3 -- 2| S3 |3 -- 2| S4 |3 -- 2| S5 |3 -- 2| S6 |3 -- 2| S7 |3 -- 2| S8 |3 -- 2| S9 |3 -- 2| S10 |
  ----        ----        ----        ----        ----        ----        ----        ----        ----         ----
  

s1 = [1, 0, 0, 0, 0, 0, 0, 0, 0, 0, 0, 1, 0, 1, 0, 1, 1] (0x002b)
s2 = [1, 0, 0, 0, 0, 0, 0, 0, 0, 0, 0, 1, 0, 1, 1, 0, 1] (0x002d)
s3 = [1, 0, 0, 0, 0, 0, 0, 0, 0, 0, 0, 1, 1, 1, 0, 0, 1] (0x0039)
s4 = [1, 0, 0, 0, 0, 0, 0, 0, 0, 0, 0, 1, 1, 1, 1, 1, 1] (0x003f)
s5 = [1, 0, 0, 0, 0, 0, 0, 0, 0, 0, 1, 0, 0, 0, 1, 1, 1] (0x0047)
s6 = [1, 0, 0, 0, 0, 0, 0, 0, 0, 0, 1, 0, 1, 0, 0, 1, 1] (0x0053) 
s7 = [1, 0, 0, 0, 0, 0, 0, 0, 0, 1, 0, 0, 0, 1, 1, 0, 1] (0x008d)
s8 = [1, 0, 0, 0, 0, 0, 0, 0, 0, 1, 0, 1, 1, 1, 1, 0, 1] (0x00bd)
s9 = [1, 0, 0, 0, 0, 0, 0, 0, 0, 1, 1, 0, 1, 0, 1, 1, 1] (0x00d7)
s10 = [1, 0, 0, 0, 0, 0, 0, 0, 0, 1, 1, 1, 1, 0, 1, 0, 1] (0x00f5)

X = 1
H1 - H10
# Unicast
Os = [2, 3, 3, 3, 3, 3, 3, 3, 3] + X
Or = [2, 2, 2, 2, 2, 2, 2, 2, 2] + X

# Multicast
Os = [2, 4, 4, 4, 4, 4, 4, 4, 4] + X
Or = [2, 2, 2, 2, 2, 2, 2, 2, 2] + X

Os = [
    [1, 0],
    [1, 0, 0], 
    [1, 0, 0], 
    [1, 0, 0], 
    [1, 0, 0], 
    [1, 0, 0], 
    [1, 0, 0], 
    [1, 0, 0],
    [1, 0, 0]
] + [1]
Or = [
    [1, 0], 
    [1, 0],
    [1, 0],
    [1, 0],
    [1, 0],
    [1, 0],
    [1, 0],
    [1, 0],
    [1, 0]
] + [1]